0,124.016128,85.21150157,26,110.4943437,111.7586686
124.016128,0,92.43916919,102.2154587,56.36488268,21.58703314
85.21150157,92.43916919,0,61.13100686,43.65775991,71.11258679
26,102.2154587,61.13100686,0,84.52810184,87.96590248
110.4943437,56.36488268,43.65775991,84.52810184,0,35.51056181
111.7586686,21.58703314,71.11258679,87.96590248,35.51056181,0
