{
 "cells": [
  {
   "cell_type": "markdown",
   "metadata": {},
   "source": [
    "# Traveling Salesman Problem"
   ]
  },
  {
   "cell_type": "markdown",
   "metadata": {},
   "source": [
    "## Filepaths"
   ]
  },
  {
   "cell_type": "code",
   "execution_count": 61,
   "metadata": {},
   "outputs": [],
   "source": [
    "# Set filepath for CSV with cost / distance data\n",
    "cost_filepath = 'Orders_Data_15.csv' # file with distances between each node\n",
    "coord_filepath = 'XYcoord_15.csv' # file with x, y coordinates of each node (including the origin)"
   ]
  },
  {
   "cell_type": "markdown",
   "metadata": {},
   "source": [
    "## Model Initialization"
   ]
  },
  {
   "cell_type": "code",
   "execution_count": 62,
   "metadata": {},
   "outputs": [],
   "source": [
    "# import Glop linear solver package\n",
    "from ortools.linear_solver import pywraplp as glp\n",
    "import csv\n",
    "import pandas as pd\n",
    "import time\n",
    "from datetime import date\n",
    "import numpy as np\n",
    "# initialize model object\n",
    "mymodel = glp.Solver('Traveling Salesman', glp.Solver.CBC_MIXED_INTEGER_PROGRAMMING)"
   ]
  },
  {
   "cell_type": "markdown",
   "metadata": {},
   "source": [
    "## Parameters"
   ]
  },
  {
   "cell_type": "code",
   "execution_count": 63,
   "metadata": {},
   "outputs": [],
   "source": [
    "# import csv distance matrix as list\n",
    "with open(cost_filepath, newline='') as f:\n",
    "    reader = csv.reader(f)\n",
    "    cost = list(reader)\n",
    "\n",
    "# remove blanks & converting to integers\n",
    "for i in range(len(cost)):\n",
    "    cost[i] = [float(item) for item in cost[i] if item]\n",
    "cost = [item for item in cost if item]"
   ]
  },
  {
   "cell_type": "code",
   "execution_count": 64,
   "metadata": {},
   "outputs": [
    {
     "data": {
      "text/plain": [
       "[[0.0,\n",
       "  124.016128,\n",
       "  85.21150157,\n",
       "  26.0,\n",
       "  110.4943437,\n",
       "  111.7586686,\n",
       "  64.38167441,\n",
       "  61.00819617,\n",
       "  65.55150647,\n",
       "  64.19501538,\n",
       "  38.60051813,\n",
       "  83.21658489,\n",
       "  77.78174593,\n",
       "  90.02221948,\n",
       "  116.2841348,\n",
       "  102.420701,\n",
       "  82.73451517,\n",
       "  99.63934966,\n",
       "  108.240473,\n",
       "  98.49365462,\n",
       "  75.07329752],\n",
       " [124.016128,\n",
       "  0.0,\n",
       "  92.43916919,\n",
       "  102.2154587,\n",
       "  56.36488268,\n",
       "  21.58703314,\n",
       "  91.78779875,\n",
       "  83.63013811,\n",
       "  75.50496672,\n",
       "  93.77099765,\n",
       "  87.46427842,\n",
       "  41.77319715,\n",
       "  87.00574694,\n",
       "  74.43117626,\n",
       "  43.56604182,\n",
       "  29.83286778,\n",
       "  45.79301257,\n",
       "  24.41311123,\n",
       "  52.0,\n",
       "  33.06055051,\n",
       "  49.39635614],\n",
       " [85.21150157,\n",
       "  92.43916919,\n",
       "  0.0,\n",
       "  61.13100686,\n",
       "  43.65775991,\n",
       "  71.11258679,\n",
       "  21.02379604,\n",
       "  100.4041832,\n",
       "  30.0,\n",
       "  21.02379604,\n",
       "  56.61271942,\n",
       "  75.47184906,\n",
       "  9.433981132,\n",
       "  118.0889495,\n",
       "  56.75385449,\n",
       "  93.10746479,\n",
       "  83.23460819,\n",
       "  75.58438992,\n",
       "  45.35416188,\n",
       "  60.01666435,\n",
       "  61.03277808],\n",
       " [26.0,\n",
       "  102.2154587,\n",
       "  61.13100686,\n",
       "  0.0,\n",
       "  84.52810184,\n",
       "  87.96590248,\n",
       "  40.11234224,\n",
       "  55.94640292,\n",
       "  39.56008089,\n",
       "  40.31128874,\n",
       "  14.76482306,\n",
       "  63.5688603,\n",
       "  53.00943312,\n",
       "  82.96987405,\n",
       "  90.69729875,\n",
       "  84.20213774,\n",
       "  65.30696747,\n",
       "  77.89736838,\n",
       "  82.36504113,\n",
       "  74.33034374,\n",
       "  52.83937925],\n",
       " [110.4943437,\n",
       "  56.36488268,\n",
       "  43.65775991,\n",
       "  84.52810184,\n",
       "  0.0,\n",
       "  35.51056181,\n",
       "  53.81449619,\n",
       "  99.98499887,\n",
       "  45.27692569,\n",
       "  55.31726674,\n",
       "  73.05477397,\n",
       "  59.61543424,\n",
       "  42.72001873,\n",
       "  107.01869,\n",
       "  14.03566885,\n",
       "  68.8839604,\n",
       "  68.54195795,\n",
       "  49.04079934,\n",
       "  5.0,\n",
       "  31.6227766,\n",
       "  50.80354318],\n",
       " [111.7586686,\n",
       "  21.58703314,\n",
       "  71.11258679,\n",
       "  87.96590248,\n",
       "  35.51056181,\n",
       "  0.0,\n",
       "  72.03471385,\n",
       "  81.58431222,\n",
       "  56.64803615,\n",
       "  73.97972695,\n",
       "  73.59347797,\n",
       "  36.67424164,\n",
       "  66.12110102,\n",
       "  80.0624756,\n",
       "  24.08318916,\n",
       "  36.76955262,\n",
       "  44.10215414,\n",
       "  19.02629759,\n",
       "  30.88689042,\n",
       "  13.89244399,\n",
       "  37.44329045],\n",
       " [64.38167441,\n",
       "  91.78779875,\n",
       "  21.02379604,\n",
       "  40.11234224,\n",
       "  53.81449619,\n",
       "  72.03471385,\n",
       "  0.0,\n",
       "  82.97590012,\n",
       "  17.2626765,\n",
       "  2.0,\n",
       "  36.67424164,\n",
       "  65.80273551,\n",
       "  13.60147051,\n",
       "  103.6001931,\n",
       "  64.35060217,\n",
       "  85.70297544,\n",
       "  72.23572523,\n",
       "  71.02816343,\n",
       "  53.60037313,\n",
       "  58.85575588,\n",
       "  50.96076922],\n",
       " [61.00819617,\n",
       "  83.63013811,\n",
       "  100.4041832,\n",
       "  55.94640292,\n",
       "  99.98499887,\n",
       "  81.58431222,\n",
       "  82.97590012,\n",
       "  0.0,\n",
       "  70.49113419,\n",
       "  84.29116205,\n",
       "  48.41487375,\n",
       "  44.91102315,\n",
       "  90.97252332,\n",
       "  29.01723626,\n",
       "  98.0,\n",
       "  54.91812087,\n",
       "  38.27531842,\n",
       "  63.3245608,\n",
       "  95.63472173,\n",
       "  73.10950691,\n",
       "  49.25444142],\n",
       " [65.55150647,\n",
       "  75.50496672,\n",
       "  30.0,\n",
       "  39.56008089,\n",
       "  45.27692569,\n",
       "  56.64803615,\n",
       "  17.2626765,\n",
       "  70.49113419,\n",
       "  0.0,\n",
       "  19.23538406,\n",
       "  30.01666204,\n",
       "  48.70318265,\n",
       "  20.61552813,\n",
       "  88.52683209,\n",
       "  53.03772242,\n",
       "  68.44705983,\n",
       "  55.4616985,\n",
       "  54.00925847,\n",
       "  43.60045871,\n",
       "  43.01162634,\n",
       "  33.83784863],\n",
       " [64.19501538,\n",
       "  93.77099765,\n",
       "  21.02379604,\n",
       "  40.31128874,\n",
       "  55.31726674,\n",
       "  73.97972695,\n",
       "  2.0,\n",
       "  84.29116205,\n",
       "  19.23538406,\n",
       "  0.0,\n",
       "  37.58989226,\n",
       "  67.72001181,\n",
       "  14.31782106,\n",
       "  105.2093152,\n",
       "  66.03786792,\n",
       "  87.66413178,\n",
       "  74.09453421,\n",
       "  73.02739212,\n",
       "  55.21775077,\n",
       "  60.8276253,\n",
       "  52.88667129],\n",
       " [38.60051813,\n",
       "  87.46427842,\n",
       "  56.61271942,\n",
       "  14.76482306,\n",
       "  73.05477397,\n",
       "  73.59347797,\n",
       "  36.67424164,\n",
       "  48.41487375,\n",
       "  30.01666204,\n",
       "  37.58989226,\n",
       "  0.0,\n",
       "  49.04079934,\n",
       "  47.5394573,\n",
       "  73.00684899,\n",
       "  77.89736838,\n",
       "  69.85699679,\n",
       "  51.35172831,\n",
       "  63.13477647,\n",
       "  70.38465742,\n",
       "  60.10823571,\n",
       "  38.07886553],\n",
       " [83.21658489,\n",
       "  41.77319715,\n",
       "  75.47184906,\n",
       "  63.5688603,\n",
       "  59.61543424,\n",
       "  36.67424164,\n",
       "  65.80273551,\n",
       "  44.91102315,\n",
       "  48.70318265,\n",
       "  67.72001181,\n",
       "  49.04079934,\n",
       "  0.0,\n",
       "  67.11929678,\n",
       "  47.42362281,\n",
       "  54.74486277,\n",
       "  21.09502311,\n",
       "  8.94427191,\n",
       "  18.78829423,\n",
       "  54.7813837,\n",
       "  29.42787794,\n",
       "  14.86606875],\n",
       " [77.78174593,\n",
       "  87.00574694,\n",
       "  9.433981132,\n",
       "  53.00943312,\n",
       "  42.72001873,\n",
       "  66.12110102,\n",
       "  13.60147051,\n",
       "  90.97252332,\n",
       "  20.61552813,\n",
       "  14.31782106,\n",
       "  47.5394573,\n",
       "  67.11929678,\n",
       "  0.0,\n",
       "  108.9311709,\n",
       "  54.62600113,\n",
       "  85.44003745,\n",
       "  74.62573283,\n",
       "  68.65857558,\n",
       "  43.38202393,\n",
       "  54.08326913,\n",
       "  52.47856705],\n",
       " [90.02221948,\n",
       "  74.43117626,\n",
       "  118.0889495,\n",
       "  82.96987405,\n",
       "  107.01869,\n",
       "  80.0624756,\n",
       "  103.6001931,\n",
       "  29.01723626,\n",
       "  88.52683209,\n",
       "  105.2093152,\n",
       "  73.00684899,\n",
       "  47.42362281,\n",
       "  108.9311709,\n",
       "  0.0,\n",
       "  101.2422837,\n",
       "  45.01110974,\n",
       "  38.48376281,\n",
       "  61.18823416,\n",
       "  102.1567423,\n",
       "  76.21679605,\n",
       "  58.82176468],\n",
       " [116.2841348,\n",
       "  43.56604182,\n",
       "  56.75385449,\n",
       "  90.69729875,\n",
       "  14.03566885,\n",
       "  24.08318916,\n",
       "  64.35060217,\n",
       "  98.0,\n",
       "  53.03772242,\n",
       "  66.03786792,\n",
       "  77.89736838,\n",
       "  54.74486277,\n",
       "  54.62600113,\n",
       "  101.2422837,\n",
       "  0.0,\n",
       "  60.03332408,\n",
       "  63.34824386,\n",
       "  40.71854614,\n",
       "  11.40175425,\n",
       "  25.3179778,\n",
       "  49.25444142],\n",
       " [102.420701,\n",
       "  29.83286778,\n",
       "  93.10746479,\n",
       "  84.20213774,\n",
       "  68.8839604,\n",
       "  36.76955262,\n",
       "  85.70297544,\n",
       "  54.91812087,\n",
       "  68.44705983,\n",
       "  87.66413178,\n",
       "  69.85699679,\n",
       "  21.09502311,\n",
       "  85.44003745,\n",
       "  45.01110974,\n",
       "  60.03332408,\n",
       "  0.0,\n",
       "  19.72308292,\n",
       "  19.84943324,\n",
       "  63.89053138,\n",
       "  37.48332963,\n",
       "  35.12833614],\n",
       " [82.73451517,\n",
       "  45.79301257,\n",
       "  83.23460819,\n",
       "  65.30696747,\n",
       "  68.54195795,\n",
       "  44.10215414,\n",
       "  72.23572523,\n",
       "  38.27531842,\n",
       "  55.4616985,\n",
       "  74.09453421,\n",
       "  51.35172831,\n",
       "  8.94427191,\n",
       "  74.62573283,\n",
       "  38.48376281,\n",
       "  63.34824386,\n",
       "  19.72308292,\n",
       "  0.0,\n",
       "  25.3179778,\n",
       "  63.69458376,\n",
       "  38.07886553,\n",
       "  22.20360331],\n",
       " [99.63934966,\n",
       "  24.41311123,\n",
       "  75.58438992,\n",
       "  77.89736838,\n",
       "  49.04079934,\n",
       "  19.02629759,\n",
       "  71.02816343,\n",
       "  63.3245608,\n",
       "  54.00925847,\n",
       "  73.02739212,\n",
       "  63.13477647,\n",
       "  18.78829423,\n",
       "  68.65857558,\n",
       "  61.18823416,\n",
       "  40.71854614,\n",
       "  19.84943324,\n",
       "  25.3179778,\n",
       "  0.0,\n",
       "  44.04543109,\n",
       "  17.69180601,\n",
       "  25.05992817],\n",
       " [108.240473,\n",
       "  52.0,\n",
       "  45.35416188,\n",
       "  82.36504113,\n",
       "  5.0,\n",
       "  30.88689042,\n",
       "  53.60037313,\n",
       "  95.63472173,\n",
       "  43.60045871,\n",
       "  55.21775077,\n",
       "  70.38465742,\n",
       "  54.7813837,\n",
       "  43.38202393,\n",
       "  102.1567423,\n",
       "  11.40175425,\n",
       "  63.89053138,\n",
       "  63.69458376,\n",
       "  44.04543109,\n",
       "  0.0,\n",
       "  26.62705391,\n",
       "  46.38965402],\n",
       " [98.49365462,\n",
       "  33.06055051,\n",
       "  60.01666435,\n",
       "  74.33034374,\n",
       "  31.6227766,\n",
       "  13.89244399,\n",
       "  58.85575588,\n",
       "  73.10950691,\n",
       "  43.01162634,\n",
       "  60.8276253,\n",
       "  60.10823571,\n",
       "  29.42787794,\n",
       "  54.08326913,\n",
       "  76.21679605,\n",
       "  25.3179778,\n",
       "  37.48332963,\n",
       "  38.07886553,\n",
       "  17.69180601,\n",
       "  26.62705391,\n",
       "  0.0,\n",
       "  25.63201124],\n",
       " [75.07329752,\n",
       "  49.39635614,\n",
       "  61.03277808,\n",
       "  52.83937925,\n",
       "  50.80354318,\n",
       "  37.44329045,\n",
       "  50.96076922,\n",
       "  49.25444142,\n",
       "  33.83784863,\n",
       "  52.88667129,\n",
       "  38.07886553,\n",
       "  14.86606875,\n",
       "  52.47856705,\n",
       "  58.82176468,\n",
       "  49.25444142,\n",
       "  35.12833614,\n",
       "  22.20360331,\n",
       "  25.05992817,\n",
       "  46.38965402,\n",
       "  25.63201124,\n",
       "  0.0]]"
      ]
     },
     "execution_count": 64,
     "metadata": {},
     "output_type": "execute_result"
    }
   ],
   "source": [
    "cost"
   ]
  },
  {
   "cell_type": "code",
   "execution_count": 65,
   "metadata": {},
   "outputs": [],
   "source": [
    "# model parameters\n",
    "N = len(cost) # number of nodes in data frame\n",
    "M = N + 1000.0 # arbitrarily large number"
   ]
  },
  {
   "cell_type": "code",
   "execution_count": 66,
   "metadata": {},
   "outputs": [
    {
     "data": {
      "text/plain": [
       "21"
      ]
     },
     "execution_count": 66,
     "metadata": {},
     "output_type": "execute_result"
    }
   ],
   "source": [
    "N"
   ]
  },
  {
   "cell_type": "markdown",
   "metadata": {},
   "source": [
    "## Decision Variables"
   ]
  },
  {
   "cell_type": "code",
   "execution_count": 67,
   "metadata": {},
   "outputs": [
    {
     "data": {
      "text/plain": [
       "21"
      ]
     },
     "execution_count": 67,
     "metadata": {},
     "output_type": "execute_result"
    }
   ],
   "source": [
    "use_arc = [list(range(1 + N * i, 1 + N * (i+1))) for i in range(N)] \n",
    "for i in range(N):\n",
    "    for j in range(N):\n",
    "        use_arc[i][j] = mymodel.IntVar(0, 1, str(i) + \".\" + str(j))\n",
    "len(use_arc)"
   ]
  },
  {
   "cell_type": "code",
   "execution_count": 68,
   "metadata": {},
   "outputs": [],
   "source": [
    "# create position variable (lambda / u)\n",
    "pos = list(range(N))\n",
    "pos[0] = mymodel.IntVar(0, 0, 'p_0')\n",
    "for i in range(1,N):\n",
    "    pos[i] = mymodel.IntVar(1, N-1, \"p_\" + str(i))"
   ]
  },
  {
   "cell_type": "markdown",
   "metadata": {},
   "source": [
    "## Objective"
   ]
  },
  {
   "cell_type": "code",
   "execution_count": 69,
   "metadata": {},
   "outputs": [],
   "source": [
    "# create objective function\n",
    "shortest_route = mymodel.Objective()\n",
    "shortest_route.SetMinimization()\n",
    "for i in range(N):\n",
    "    for j in range(N):\n",
    "        shortest_route.SetCoefficient(use_arc[i][j], cost[i][j])"
   ]
  },
  {
   "cell_type": "markdown",
   "metadata": {},
   "source": [
    "## Constraints"
   ]
  },
  {
   "cell_type": "markdown",
   "metadata": {},
   "source": [
    "### Arc constraints"
   ]
  },
  {
   "cell_type": "code",
   "execution_count": 70,
   "metadata": {},
   "outputs": [],
   "source": [
    "# Flow Out\n",
    "\n",
    "Flow_out = list(range(N))\n",
    "\n",
    "for i in range(N): \n",
    "    Flow_out[i] = mymodel.Constraint(1, 1)\n",
    "    for j in range(N):\n",
    "        if i != j: Flow_out[i].SetCoefficient(use_arc[i][j], 1)\n",
    "        \n",
    "# Flow In\n",
    "\n",
    "Flow_in = list(range(N))\n",
    "\n",
    "for i in range(N):\n",
    "    Flow_in[i] = mymodel.Constraint(1, 1)\n",
    "    for j in range(N): \n",
    "        if i!= j: Flow_in[i].SetCoefficient(use_arc[j][i], 1)"
   ]
  },
  {
   "cell_type": "markdown",
   "metadata": {},
   "source": [
    "### Position Constraints"
   ]
  },
  {
   "cell_type": "code",
   "execution_count": 71,
   "metadata": {},
   "outputs": [],
   "source": [
    "MTZ = [list(range(1 + N * i, 1 + N * (i+1))) for i in range(N)] \n",
    "\n",
    "for i in range(1,N):\n",
    "    for j in range(1,N):\n",
    "        MTZ[i][j] = mymodel.Constraint(-mymodel.infinity(), N-2)\n",
    "        MTZ[i][j].SetCoefficient(use_arc[i][j], N-1)\n",
    "        MTZ[i][j].SetCoefficient(pos[i], 1)\n",
    "        MTZ[i][j].SetCoefficient(pos[j], -1)"
   ]
  },
  {
   "cell_type": "markdown",
   "metadata": {},
   "source": [
    "### Solve"
   ]
  },
  {
   "cell_type": "code",
   "execution_count": 72,
   "metadata": {},
   "outputs": [
    {
     "name": "stdout",
     "output_type": "stream",
     "text": [
      "Solution Status = 0\n",
      "Number of variables = 462\n",
      "Number of constraints = 442\n",
      "Optimal Value = 4617.15\n",
      "Solution Time: 26.77 seconds\n"
     ]
    }
   ],
   "source": [
    "start_time = time.time()\n",
    "# Solve the model and print optimal solution\n",
    "status = mymodel.Solve()                 # solve mymodel and display the solution\n",
    "\n",
    "print('Solution Status =', status)\n",
    "print('Number of variables =', mymodel.NumVariables())\n",
    "print('Number of constraints =', mymodel.NumConstraints())\n",
    "\n",
    "optimal = shortest_route.Value()\n",
    "cost_optimal = optimal * 10\n",
    "\n",
    "# The objective value of the solution.\n",
    "print('Optimal Value = %.2f' % cost_optimal)\n",
    "\n",
    "print(\"Solution Time: %.2f seconds\" % (time.time() - start_time))\n",
    "runtime = round(time.time() - start_time)\n",
    "today = str(date.today())\n",
    "# Display optimal solution\n",
    "#for i in range(N):\n",
    "#    print('pos[%d] = %d' % (i, pos[i].solution_value()))\n",
    "#    for j in range(N):\n",
    " #       print('From ', i, ' to ', j, ': ', use_arc[i][j].solution_value(), sep = '')"
   ]
  },
  {
   "cell_type": "code",
   "execution_count": 73,
   "metadata": {},
   "outputs": [
    {
     "data": {
      "text/html": [
       "<div>\n",
       "<style scoped>\n",
       "    .dataframe tbody tr th:only-of-type {\n",
       "        vertical-align: middle;\n",
       "    }\n",
       "\n",
       "    .dataframe tbody tr th {\n",
       "        vertical-align: top;\n",
       "    }\n",
       "\n",
       "    .dataframe thead th {\n",
       "        text-align: right;\n",
       "    }\n",
       "</style>\n",
       "<table border=\"1\" class=\"dataframe\">\n",
       "  <thead>\n",
       "    <tr style=\"text-align: right;\">\n",
       "      <th></th>\n",
       "      <th>Position</th>\n",
       "      <th>From</th>\n",
       "      <th>To</th>\n",
       "    </tr>\n",
       "  </thead>\n",
       "  <tbody>\n",
       "    <tr>\n",
       "      <td>0</td>\n",
       "      <td>1</td>\n",
       "      <td>0</td>\n",
       "      <td>3</td>\n",
       "    </tr>\n",
       "    <tr>\n",
       "      <td>1</td>\n",
       "      <td>2</td>\n",
       "      <td>3</td>\n",
       "      <td>10</td>\n",
       "    </tr>\n",
       "    <tr>\n",
       "      <td>2</td>\n",
       "      <td>3</td>\n",
       "      <td>10</td>\n",
       "      <td>8</td>\n",
       "    </tr>\n",
       "    <tr>\n",
       "      <td>3</td>\n",
       "      <td>4</td>\n",
       "      <td>8</td>\n",
       "      <td>6</td>\n",
       "    </tr>\n",
       "    <tr>\n",
       "      <td>4</td>\n",
       "      <td>5</td>\n",
       "      <td>6</td>\n",
       "      <td>9</td>\n",
       "    </tr>\n",
       "    <tr>\n",
       "      <td>5</td>\n",
       "      <td>6</td>\n",
       "      <td>9</td>\n",
       "      <td>12</td>\n",
       "    </tr>\n",
       "    <tr>\n",
       "      <td>6</td>\n",
       "      <td>7</td>\n",
       "      <td>12</td>\n",
       "      <td>2</td>\n",
       "    </tr>\n",
       "    <tr>\n",
       "      <td>7</td>\n",
       "      <td>8</td>\n",
       "      <td>2</td>\n",
       "      <td>4</td>\n",
       "    </tr>\n",
       "    <tr>\n",
       "      <td>8</td>\n",
       "      <td>9</td>\n",
       "      <td>4</td>\n",
       "      <td>18</td>\n",
       "    </tr>\n",
       "    <tr>\n",
       "      <td>9</td>\n",
       "      <td>10</td>\n",
       "      <td>18</td>\n",
       "      <td>14</td>\n",
       "    </tr>\n",
       "    <tr>\n",
       "      <td>10</td>\n",
       "      <td>11</td>\n",
       "      <td>14</td>\n",
       "      <td>19</td>\n",
       "    </tr>\n",
       "    <tr>\n",
       "      <td>11</td>\n",
       "      <td>12</td>\n",
       "      <td>19</td>\n",
       "      <td>5</td>\n",
       "    </tr>\n",
       "    <tr>\n",
       "      <td>12</td>\n",
       "      <td>13</td>\n",
       "      <td>5</td>\n",
       "      <td>1</td>\n",
       "    </tr>\n",
       "    <tr>\n",
       "      <td>13</td>\n",
       "      <td>14</td>\n",
       "      <td>1</td>\n",
       "      <td>15</td>\n",
       "    </tr>\n",
       "    <tr>\n",
       "      <td>14</td>\n",
       "      <td>15</td>\n",
       "      <td>15</td>\n",
       "      <td>17</td>\n",
       "    </tr>\n",
       "    <tr>\n",
       "      <td>15</td>\n",
       "      <td>16</td>\n",
       "      <td>17</td>\n",
       "      <td>20</td>\n",
       "    </tr>\n",
       "    <tr>\n",
       "      <td>16</td>\n",
       "      <td>17</td>\n",
       "      <td>20</td>\n",
       "      <td>11</td>\n",
       "    </tr>\n",
       "    <tr>\n",
       "      <td>17</td>\n",
       "      <td>18</td>\n",
       "      <td>11</td>\n",
       "      <td>16</td>\n",
       "    </tr>\n",
       "    <tr>\n",
       "      <td>18</td>\n",
       "      <td>19</td>\n",
       "      <td>16</td>\n",
       "      <td>13</td>\n",
       "    </tr>\n",
       "    <tr>\n",
       "      <td>19</td>\n",
       "      <td>20</td>\n",
       "      <td>13</td>\n",
       "      <td>7</td>\n",
       "    </tr>\n",
       "    <tr>\n",
       "      <td>20</td>\n",
       "      <td>21</td>\n",
       "      <td>7</td>\n",
       "      <td>0</td>\n",
       "    </tr>\n",
       "  </tbody>\n",
       "</table>\n",
       "</div>"
      ],
      "text/plain": [
       "    Position  From  To\n",
       "0          1     0   3\n",
       "1          2     3  10\n",
       "2          3    10   8\n",
       "3          4     8   6\n",
       "4          5     6   9\n",
       "5          6     9  12\n",
       "6          7    12   2\n",
       "7          8     2   4\n",
       "8          9     4  18\n",
       "9         10    18  14\n",
       "10        11    14  19\n",
       "11        12    19   5\n",
       "12        13     5   1\n",
       "13        14     1  15\n",
       "14        15    15  17\n",
       "15        16    17  20\n",
       "16        17    20  11\n",
       "17        18    11  16\n",
       "18        19    16  13\n",
       "19        20    13   7\n",
       "20        21     7   0"
      ]
     },
     "execution_count": 73,
     "metadata": {},
     "output_type": "execute_result"
    }
   ],
   "source": [
    "Position = []\n",
    "From = []\n",
    "To = []\n",
    "\n",
    "for i in range(N):\n",
    "    Position.append(int(pos[i].solution_value() + 1))\n",
    "    for j in range(N):\n",
    "        if use_arc[i][j].solution_value() == 1:\n",
    "            From.append(i)\n",
    "            To.append(j)\n",
    "solution = pd.DataFrame(list(zip(Position, From, To)), columns = ['Position', 'From', 'To'])\n",
    "solution = solution.sort_values('Position').reset_index(drop=True)\n",
    "solution"
   ]
  },
  {
   "cell_type": "markdown",
   "metadata": {},
   "source": [
    "## Plot the Solution"
   ]
  },
  {
   "cell_type": "code",
   "execution_count": 74,
   "metadata": {},
   "outputs": [],
   "source": [
    "import matplotlib.pyplot as plt\n",
    "import networkx as nx"
   ]
  },
  {
   "cell_type": "code",
   "execution_count": 75,
   "metadata": {},
   "outputs": [],
   "source": [
    "# import csv x, y coord matrix as list\n",
    "with open(coord_filepath, newline='') as f:\n",
    "    reader = csv.reader(f)\n",
    "    coord = list(reader)\n",
    "\n",
    "# remove blanks & converting to integers\n",
    "for i in range(len(coord)):\n",
    "    coord[i] = [int(item) for item in coord[i] if item]\n",
    "coord = [item for item in coord if item]"
   ]
  },
  {
   "cell_type": "code",
   "execution_count": 76,
   "metadata": {},
   "outputs": [],
   "source": [
    "# Define function to convert list of coordinates to dictionary\n",
    "def to_dict(my_list):\n",
    "    dict = {}\n",
    "    for items in range(len(my_list)):\n",
    "        dict[items] = my_list[items]\n",
    "    return dict"
   ]
  },
  {
   "cell_type": "code",
   "execution_count": 77,
   "metadata": {},
   "outputs": [
    {
     "data": {
      "text/plain": [
       "{0: [0, 0],\n",
       " 1: [76, 98],\n",
       " 2: [85, 6],\n",
       " 3: [24, 10],\n",
       " 4: [100, 47],\n",
       " 5: [81, 77],\n",
       " 6: [64, 7],\n",
       " 7: [1, 61],\n",
       " 8: [61, 24],\n",
       " 9: [64, 5],\n",
       " 10: [31, 23],\n",
       " 11: [45, 70],\n",
       " 12: [77, 11],\n",
       " 13: [2, 90],\n",
       " 14: [99, 61],\n",
       " 15: [47, 91],\n",
       " 16: [37, 74],\n",
       " 17: [62, 78],\n",
       " 18: [96, 50],\n",
       " 19: [74, 65],\n",
       " 20: [50, 56]}"
      ]
     },
     "execution_count": 77,
     "metadata": {},
     "output_type": "execute_result"
    }
   ],
   "source": [
    "coord = to_dict(coord)\n",
    "coord"
   ]
  },
  {
   "cell_type": "code",
   "execution_count": 78,
   "metadata": {},
   "outputs": [],
   "source": [
    "# Define edge list\n",
    "edge_list = []\n",
    "for i in range(len(solution)):\n",
    "    edge_list.append([solution['From'][i], solution['To'][i]])"
   ]
  },
  {
   "cell_type": "code",
   "execution_count": 79,
   "metadata": {},
   "outputs": [],
   "source": [
    "# Initialize graph object\n",
    "G = nx.Graph()"
   ]
  },
  {
   "cell_type": "code",
   "execution_count": 80,
   "metadata": {},
   "outputs": [
    {
     "data": {
