0,100,81,99,61,111
100,0,97,98,41,93
81,97,0,19,66,36
99,98,19,0,74,18
61,41,66,74,0,77
111,93,36,18,77,0
